
Principal Component Analysis Results

Call:
PCA(X = ., scale.unit = T, quali.sup = 1, graph = F) 


Eigenvalues
                      Dim.1  Dim.2  Dim.3  Dim.4  Dim.5  Dim.6
Variance               4.84   0.82   0.23   0.07   0.04   0.01
% of var.             80.70  13.70   3.76   1.09   0.64   0.11
Cumulative % of var.  80.70  94.41  98.16  99.25  99.89 100.00

Individuals
         Dist   Dim.1   ctr  cos2   Dim.2   ctr  cos2   Dim.3   ctr  cos2  
1     |  1.68 |  1.36  2.39  0.66 | -0.80  4.88  0.23 |  0.49  6.76  0.09 |
2     |  1.68 |  1.56  3.14  0.86 |  0.05  0.02  0.00 | -0.59  9.73  0.12 |
3     |  1.57 | -1.14  1.66  0.52 |  0.96  6.95  0.37 | -0.41  4.55  0.07 |
4     |  3.89 | -3.31 14.13  0.72 |  2.03 31.20  0.27 |  0.09  0.22  0.00 |
5     |  2.81 |  2.68  9.25  0.91 | -0.77  4.54  0.08 |  0.02  0.01  0.00 |
6     |  3.26 | -3.18 13.08  0.95 | -0.30  0.68  0.01 |  0.51  7.12  0.02 |
7     |  2.01 |  1.76  4.00  0.77 |  0.87  5.81  0.19 | -0.02  0.01  0.00 |
8     |  1.52 | -0.74  0.70  0.23 | -0.30  0.67  0.04 |  1.30 46.65  0.73 |
9     |  3.43 |  3.42 15.11  1.00 | -0.06  0.03  0.00 | -0.01  0.00  0.00 |
10    |  0.57 |  0.06  0.00  0.01 | -0.51  1.98  0.81 |  0.02  0.01  0.00 |
11    |  4.87 | -4.63 27.62  0.90 | -1.47 16.53  0.09 | -0.33  3.06  0.00 |
12    |  1.62 | -1.39  2.51  0.74 | -0.19  0.28  0.01 | -0.78 16.66  0.23 |
13    |  0.91 | -0.24  0.07  0.07 | -0.73  4.09  0.65 | -0.35  3.33  0.15 |
14    |  1.59 |  1.41  2.57  0.79 |  0.66  3.31  0.17 | -0.09  0.23  0.00 |
15    |  1.71 |  0.97  1.21  0.32 |  1.37 14.25  0.64 |  0.23  1.46  0.02 |
16    |  1.78 |  1.40  2.55  0.62 | -0.79  4.78  0.20 | -0.08  0.20  0.00 |

Variables
        Dim.1   ctr  cos2   Dim.2   ctr  cos2   Dim.3   ctr  cos2  
SL    |  0.97 19.41  0.94 | -0.08  0.77  0.01 | -0.05  1.06  0.00 |
SD    |  0.90 16.75  0.81 | -0.07  0.64  0.01 |  0.43 81.14  0.18 |
LL    |  0.48  4.81  0.23 |  0.88 93.30  0.77 | -0.01  0.02  0.00 |
LW    |  0.98 19.76  0.96 | -0.10  1.12  0.01 | -0.09  3.53  0.01 |
NL    |  0.96 19.16  0.93 | -0.19  4.17  0.03 | -0.13  7.50  0.02 |
LA    |  0.99 20.11  0.97 | -0.01  0.01  0.00 | -0.12  6.75  0.02 |

Supplementary categories
         Dist   Dim.1  cos2 v.test   Dim.2  cos2 v.test   Dim.3  cos2 v.test  
0-0   |  1.68 |  1.36  0.66   0.62 | -0.80  0.23  -0.88 |  0.49  0.09   1.04 |
0-10  |  1.57 | -1.14  0.52  -0.52 |  0.96  0.37   1.05 | -0.41  0.07  -0.85 |
0-20  |  3.89 | -3.31  0.72  -1.50 |  2.03  0.27   2.23 |  0.09  0.00   0.19 |
0-5   |  1.68 |  1.56  0.86   0.71 |  0.05  0.00   0.06 | -0.59  0.12  -1.25 |
10-0  |  3.43 |  3.42  1.00   1.55 | -0.06  0.00  -0.07 | -0.01  0.00  -0.03 |
10-10 |  4.87 | -4.63  0.90  -2.10 | -1.47  0.09  -1.63 | -0.33  0.00  -0.70 |
10-20 |  1.62 | -1.39  0.74  -0.63 | -0.19  0.01  -0.21 | -0.78  0.23  -1.63 |
10-5  |  0.57 |  0.06  0.01   0.03 | -0.51  0.81  -0.56 |  0.02  0.00   0.05 |
20-0  |  0.91 | -0.24  0.07  -0.11 | -0.73  0.65  -0.81 | -0.35  0.15  -0.73 |
20-10 |  1.71 |  0.97  0.32   0.44 |  1.37  0.64   1.51 |  0.23  0.02   0.48 |
20-20 |  1.78 |  1.40  0.62   0.64 | -0.79  0.20  -0.87 | -0.08  0.00  -0.18 |
20-5  |  1.59 |  1.41  0.79   0.64 |  0.66  0.17   0.73 | -0.09  0.00  -0.19 |
5-0   |  2.81 |  2.68  0.91   1.22 | -0.77  0.08  -0.85 |  0.02  0.00   0.04 |
5-10  |  2.01 |  1.76  0.77   0.80 |  0.87  0.19   0.96 | -0.02  0.00  -0.04 |
5-20  |  1.52 | -0.74  0.23  -0.33 | -0.30  0.04  -0.33 |  1.30  0.73   2.73 |
5-5   |  3.26 | -3.18  0.95  -1.45 | -0.30  0.01  -0.33 |  0.51  0.02   1.07 |

Correlations between variables and dimensions
NULL

Contributions of the variables
NULL
